Lambda  loss
9e-06      -1.67508
0.0212      0.417116
1.65e-05      0.354335
0.00027      0.355012
2.42e-06     -0.202064
0.000309      0.355833
4e-05      0.353339
3.63e-10      0.339519
8.4375e-06      -1.54856
8.47379032258e-06      -1.55689
8.51008064516e-06      -1.56541
8.54637096774e-06      -1.57348
8.58266129032e-06      -1.58173
8.6189516129e-06      -1.58959
8.65524193548e-06      -1.59743
8.69153225806e-06      -1.60612
8.72782258065e-06       -1.6141
8.76411290323e-06       -1.6219
8.80040322581e-06      -1.63021
8.83669354839e-06      -1.63834
8.87298387097e-06      -1.64651
8.90927419355e-06      -1.65419
8.94556451613e-06      -1.66278
8.98185483871e-06      -1.67087
9.01814516129e-06      -1.67857
9.05443548387e-06        -1.687
9.09072580645e-06      -1.69533
9.12701612903e-06      -1.70355
9.16330645161e-06       -1.7117
9.19959677419e-06       -1.7194
9.23588709677e-06      -1.72768
9.27217741935e-06      -1.73575
9.30846774194e-06      -1.74416
9.34475806452e-06      -1.75191
9.3810483871e-06      -1.76015
9.41733870968e-06      -1.76794
9.45362903226e-06      -1.77647
9.48991935484e-06      -1.78452
9.52620967742e-06      -1.79226
9.5625e-06       -1.8009
9.4130859375e-06      -1.76728
9.42272555444e-06      -1.76951
9.43236517137e-06      -1.77133
9.44200478831e-06      -1.77367
9.45164440524e-06      -1.77608
9.46128402218e-06      -1.77812
9.47092363911e-06      -1.78053
9.48056325605e-06      -1.78247
9.49020287298e-06      -1.78464
9.49984248992e-06      -1.78635
9.50948210685e-06      -1.78875
9.51912172379e-06      -1.79121
9.52876134073e-06      -1.79338
9.53840095766e-06      -1.79532
9.5480405746e-06      -1.79733
9.55768019153e-06      -1.79913
9.56731980847e-06      -1.80183
9.5769594254e-06      -1.80363
9.58659904234e-06      -1.80597
9.59623865927e-06      -1.80892
9.60587827621e-06      -1.81022
9.61551789315e-06      -1.81252
9.62515751008e-06      -1.81492
9.63479712702e-06      -1.81671
9.64443674395e-06      -1.81919
9.65407636089e-06      -1.82145
9.66371597782e-06      -1.82346
9.67335559476e-06      -1.82585
9.68299521169e-06      -1.82774
9.69263482863e-06      -1.83005
9.70227444556e-06      -1.83167
9.7119140625e-06      -1.83404
9.56016540527e-06      -1.80021
9.56995564122e-06      -1.80247
9.57974587717e-06      -1.80437
9.58953611312e-06      -1.80633
9.59932634907e-06      -1.80909
9.60911658502e-06      -1.81142
9.61890682097e-06      -1.81327
9.62869705692e-06      -1.81534
9.63848729287e-06      -1.81801
9.64827752882e-06      -1.81981
9.65806776477e-06      -1.82186
9.66785800072e-06      -1.82403
9.67764823667e-06      -1.82659
9.68743847262e-06      -1.82896
9.69722870857e-06      -1.83075
9.70701894452e-06      -1.83305
9.71680918048e-06      -1.83522
9.72659941643e-06      -1.83753
9.73638965238e-06      -1.83969
9.74617988833e-06        -1.842
9.75597012428e-06      -1.84381
9.76576036023e-06      -1.84585
9.77555059618e-06      -1.84849
9.78534083213e-06       -1.8509
9.79513106808e-06      -1.85287
9.80492130403e-06      -1.85526
9.81471153998e-06      -1.85715
9.82450177593e-06       -1.8596
9.83429201188e-06      -1.86173
9.84408224783e-06      -1.86328
9.85387248378e-06      -1.86642
9.86366271973e-06      -1.86823
9.70954298973e-06      -1.83399
9.71948619812e-06      -1.83556
9.7294294065e-06      -1.83812
9.73937261489e-06      -1.84032
9.74931582328e-06      -1.84243
9.75925903166e-06      -1.84471
9.76920224005e-06      -1.84751
9.77914544844e-06      -1.84923
9.78908865683e-06       -1.8512
9.79903186521e-06      -1.85388
9.8089750736e-06      -1.85597
9.81891828199e-06      -1.85826
9.82886149037e-06      -1.86044
9.83880469876e-06      -1.86258
9.84874790715e-06      -1.86533
9.85869111553e-06       -1.8669
9.86863432392e-06      -1.86903
9.87857753231e-06      -1.87157
9.88852074069e-06      -1.87364
9.89846394908e-06      -1.87574
9.90840715747e-06       -1.8782
9.91835036585e-06      -1.88044
9.92829357424e-06      -1.88224
9.93823678263e-06      -1.88477
9.94817999101e-06      -1.88676
9.9581231994e-06      -1.88908
9.96806640779e-06      -1.89161
9.97800961618e-06      -1.89349
9.98795282456e-06      -1.89578
9.99789603295e-06      -1.89795
1.00078392413e-05      0.354705
1.00177824497e-05      0.354705
9.84167890743e-06      -1.86376
9.85175743166e-06      -1.86529
9.86183595589e-06      -1.86792
9.87191448011e-06       -1.8695
9.88199300434e-06      -1.87214
9.89207152857e-06      -1.87453
9.90215005279e-06      -1.87666
9.91222857702e-06      -1.87879
9.92230710125e-06      -1.88117
9.93238562547e-06       -1.8832
9.9424641497e-06      -1.88638
9.95254267393e-06      -1.88808
9.96262119815e-06      -1.89007
9.97269972238e-06      -1.89265
9.98277824661e-06      -1.89498
9.99285677084e-06      -1.89733
1.00029352951e-05      0.354705
1.00130138193e-05      0.354705
1.00230923435e-05      0.354704
1.00331708677e-05      0.354704
1.0043249392e-05      0.354703
1.00533279162e-05      0.354703
1.00634064404e-05      0.354702
1.00734849646e-05      0.354702
1.00835634889e-05      0.354701
1.00936420131e-05      0.354701
1.01037205373e-05        0.3547
1.01137990616e-05        0.3547
1.01238775858e-05      0.354699
1.013395611e-05      0.354699
1.01440346342e-05      0.354698
1.01541131585e-05      0.354698
9.83671838379e-06      -1.86209
9.84679182812e-06      -1.86455
9.85686527244e-06      -1.86679
9.86693871677e-06      -1.86864
9.87701216109e-06      -1.87118
9.88708560542e-06      -1.87353
9.89715904974e-06      -1.87558
9.90723249407e-06      -1.87777
9.91730593839e-06      -1.87985
9.92737938272e-06      -1.88207
9.93745282705e-06      -1.88479
9.94752627137e-06      -1.88731
9.9575997157e-06      -1.88912
9.96767316002e-06      -1.89139
9.97774660435e-06      -1.89438
9.98782004867e-06       -1.8962
9.997893493e-06      -1.89814
1.00079669373e-05      0.354705
1.00180403816e-05      0.354705
1.0028113826e-05      0.354704
1.00381872703e-05      0.354704
1.00482607146e-05      0.354703
1.0058334159e-05      0.354703
1.00684076033e-05      0.354702
1.00784810476e-05      0.354702
1.00885544919e-05      0.354701
1.00986279363e-05      0.354701
1.01087013806e-05        0.3547
1.01187748249e-05        0.3547
1.01288482692e-05      0.354699
1.01389217136e-05      0.354699
1.01489951579e-05      0.354698
9.84167640717e-06      -1.86315
9.85175492884e-06      -1.86544
9.8618334505e-06      -1.86795
9.87191197217e-06      -1.87032
9.88199049384e-06      -1.87237
9.8920690155e-06      -1.87442
9.90214753717e-06      -1.87625
9.91222605883e-06      -1.87878
9.9223045805e-06      -1.88126
9.93238310217e-06      -1.88358
9.94246162383e-06      -1.88592
9.9525401455e-06      -1.88787
9.96261866717e-06      -1.89002
9.97269718883e-06      -1.89256
9.9827757105e-06      -1.89487
9.99285423216e-06      -1.89706
1.00029327538e-05      0.354705
1.00130112755e-05      0.354705
1.00230897972e-05      0.354704
1.00331683188e-05      0.354704
1.00432468405e-05      0.354703
1.00533253622e-05      0.354703
1.00634038838e-05      0.354702
1.00734824055e-05      0.354702
1.00835609272e-05      0.354701
1.00936394488e-05      0.354701
1.01037179705e-05        0.3547
1.01137964922e-05        0.3547
1.01238750138e-05      0.354699
1.01339535355e-05      0.354699
1.01440320572e-05      0.354698
1.01541105788e-05      0.354698
9.83671588479e-06      -1.86222
9.84678932655e-06      -1.86432
9.85686276832e-06      -1.86664
9.86693621009e-06      -1.86885
9.87700965185e-06      -1.87131
9.88708309362e-06      -1.87337
9.89715653539e-06      -1.87566
9.90722997715e-06      -1.87768
9.91730341892e-06      -1.88005
9.92737686068e-06      -1.88247
9.93745030245e-06      -1.88449
9.94752374422e-06      -1.88695
9.95759718598e-06      -1.88904
9.96767062775e-06      -1.89115
9.97774406952e-06      -1.89377
9.98781751128e-06      -1.89598
9.99789095305e-06      -1.89795
1.00079643948e-05      0.354705
1.00180378366e-05      0.354705
1.00281112783e-05      0.354704
1.00381847201e-05      0.354704
1.00482581619e-05      0.354703
1.00583316036e-05      0.354703
1.00684050454e-05      0.354702
1.00784784872e-05      0.354702
1.00885519289e-05      0.354701
1.00986253707e-05      0.354701
1.01086988125e-05        0.3547
1.01187722542e-05        0.3547
1.0128845696e-05      0.354699
1.01389191378e-05      0.354699
1.01489925795e-05      0.354698
9.84167390691e-06      -1.86332
9.85175242601e-06      -1.86553
9.86183094512e-06      -1.86711
9.87190946422e-06      -1.87001
9.88198798333e-06      -1.87195
9.89206650244e-06      -1.87451
9.90214502154e-06      -1.87678
9.91222354065e-06      -1.87918
9.92230205975e-06      -1.88124
9.93238057886e-06      -1.88323
9.94245909797e-06      -1.88582
9.95253761707e-06      -1.88782
9.96261613618e-06      -1.89021
9.97269465528e-06      -1.89257
9.98277317439e-06      -1.89441
9.9928516935e-06      -1.89729
1.00029302126e-05      0.354705
1.00130087317e-05      0.354705
1.00230872508e-05      0.354704
1.00331657699e-05      0.354704
1.0043244289e-05      0.354703
1.00533228081e-05      0.354703
1.00634013272e-05      0.354702
1.00734798463e-05      0.354702
1.00835583654e-05      0.354701
1.00936368846e-05      0.354701
1.01037154037e-05        0.3547
1.01137939228e-05        0.3547
1.01238724419e-05      0.354699
1.0133950961e-05      0.354699
1.01440294801e-05      0.354698
1.01541079992e-05      0.354698
9.83671338578e-06       -1.8621
9.84678682499e-06      -1.86464
9.8568602642e-06      -1.86681
9.86693370341e-06      -1.86911
9.87700714261e-06      -1.87097
9.88708058182e-06      -1.87323
9.89715402103e-06      -1.87577
9.90722746023e-06      -1.87779
9.91730089944e-06      -1.88005
9.92737433865e-06      -1.88217
9.93744777786e-06      -1.88467
9.94752121706e-06      -1.88684
9.95759465627e-06      -1.88917
9.96766809548e-06      -1.89144
9.97774153468e-06      -1.89399
9.98781497389e-06      -1.89657
9.9978884131e-06      -1.89824
1.00079618523e-05      0.354705
1.00180352915e-05      0.354705
1.00281087307e-05      0.354704
1.00381821699e-05      0.354704
1.00482556091e-05      0.354703
1.00583290483e-05      0.354703
1.00684024875e-05      0.354702
1.00784759268e-05      0.354702
1.0088549366e-05      0.354701
1.00986228052e-05      0.354701
1.01086962444e-05        0.3547
1.01187696836e-05        0.3547
1.01288431228e-05      0.354699
1.0138916562e-05      0.354699
1.01489900012e-05      0.354698
9.84167140664e-06      -1.86345
9.85174992319e-06      -1.86537
9.86182843973e-06      -1.86809
9.87190695628e-06      -1.86998
9.88198547283e-06       -1.8722
9.89206398937e-06      -1.87465
9.90214250592e-06      -1.87687
9.91222102246e-06      -1.87864
9.92229953901e-06      -1.88137
9.93237805555e-06      -1.88314
9.9424565721e-06      -1.88571
9.95253508864e-06      -1.88764
9.96261360519e-06      -1.89062
9.97269212173e-06      -1.89263
9.98277063828e-06       -1.8953
9.99284915483e-06        -1.897
1.00029276714e-05      0.354705
1.00130061879e-05      0.354705
1.00230847045e-05      0.354704
1.0033163221e-05      0.354704
1.00432417376e-05      0.354703
1.00533202541e-05      0.354703
1.00633987706e-05      0.354702
1.00734772872e-05      0.354702
1.00835558037e-05      0.354701
1.00936343203e-05      0.354701
1.01037128368e-05        0.3547
1.01137913534e-05        0.3547
1.01238698699e-05      0.354699
1.01339483865e-05      0.354699
1.0144026903e-05      0.354698
1.01541054196e-05      0.354698
9.83671088678e-06      -1.86186
9.84678432343e-06      -1.86447
9.85685776008e-06       -1.8668
9.86693119673e-06      -1.86905
9.87700463337e-06      -1.87082
9.88707807002e-06      -1.87344
9.89715150667e-06      -1.87559
9.90722494332e-06      -1.87785
9.91729837997e-06      -1.88018
9.92737181661e-06      -1.88249
9.93744525326e-06      -1.88504
9.94751868991e-06      -1.88704
9.95759212656e-06      -1.88941
9.96766556321e-06      -1.89164
9.97773899985e-06      -1.89343
9.9878124365e-06      -1.89577
9.99788587315e-06      -1.89834
1.00079593098e-05      0.354705
1.00180327464e-05      0.354705
1.00281061831e-05      0.354704
1.00381796197e-05      0.354704
1.00482530564e-05      0.354703
1.0058326493e-05      0.354703
1.00683999297e-05      0.354702
1.00784733663e-05      0.354702
1.0088546803e-05      0.354701
1.00986202396e-05      0.354701
1.01086936763e-05        0.3547
1.01187671129e-05        0.3547
1.01288405496e-05      0.354699
1.01389139862e-05      0.354699
1.01489874229e-05      0.354698
9.84166890638e-06      -1.86301
9.85174742037e-06      -1.86528
9.86182593435e-06        -1.868
9.87190444834e-06      -1.86972
9.88198296232e-06      -1.87226
9.89206147631e-06      -1.87484
9.90213999029e-06      -1.87691
9.91221850428e-06      -1.87878
9.92229701826e-06        -1.881
9.93237553225e-06      -1.88364
9.94245404623e-06      -1.88571
9.95253256022e-06      -1.88817
9.9626110742e-06       -1.8903
9.97268958819e-06      -1.89269
9.98276810217e-06      -1.89434
9.99284661616e-06      -1.89684
1.00029251301e-05      0.354705
1.00130036441e-05      0.354705
1.00230821581e-05      0.354704
1.00331606721e-05      0.354704
1.00432391861e-05      0.354703
1.00533177001e-05      0.354703
1.00633962141e-05      0.354702
1.0073474728e-05      0.354702
1.0083553242e-05      0.354701
1.0093631756e-05      0.354701
1.010371027e-05        0.3547
1.0113788784e-05        0.3547
1.0123867298e-05      0.354699
1.01339458119e-05      0.354699
1.01440243259e-05      0.354698
1.01541028399e-05      0.354698
9.83670838778e-06       -1.8622
9.84678182187e-06      -1.86454
9.85685525596e-06      -1.86654
9.86692869005e-06      -1.86903
9.87700212414e-06        -1.871
9.88707555822e-06      -1.87343
9.89714899231e-06      -1.87601
9.9072224264e-06      -1.87756
9.91729586049e-06       -1.8801
9.92736929458e-06       -1.8822
9.93744272867e-06      -1.88466
9.94751616276e-06      -1.88669
9.95758959685e-06      -1.88909
9.96766303094e-06      -1.89172
9.97773646502e-06      -1.89342
9.98780989911e-06      -1.89601
9.9978833332e-06      -1.89874
1.00079567673e-05      0.354705
1.00180302014e-05      0.354705
1.00281036355e-05      0.354704
1.00381770696e-05      0.354704
1.00482505036e-05      0.354703
1.00583239377e-05      0.354703
1.00683973718e-05      0.354702
1.00784708059e-05      0.354702
1.008854424e-05      0.354701
1.00986176741e-05      0.354701
1.01086911082e-05        0.3547
1.01187645423e-05        0.3547
1.01288379764e-05      0.354699
1.01389114104e-05      0.354699
1.01489848445e-05      0.354698
9.84166640612e-06      -1.86284
9.85174491755e-06      -1.86581
9.86182342897e-06      -1.86773
9.87190194039e-06         -1.87
9.88198045182e-06      -1.87297
9.89205896324e-06      -1.87457
9.90213747467e-06      -1.87643
9.91221598609e-06       -1.8789
9.92229449752e-06      -1.88104
9.93237300894e-06      -1.88341
9.94245152037e-06      -1.88559
9.95253003179e-06      -1.88854
9.96260854322e-06      -1.89029
9.97268705464e-06      -1.89239
9.98276556606e-06      -1.89507
9.99284407749e-06      -1.89746
1.00029225889e-05      0.354705
1.00130011003e-05      0.354705
1.00230796118e-05      0.354704
1.00331581232e-05      0.354704
1.00432366346e-05      0.354703
1.0053315146e-05      0.354703
1.00633936575e-05      0.354702
1.00734721689e-05      0.354702
1.00835506803e-05      0.354701
1.00936291917e-05      0.354701
1.01037077032e-05        0.3547
1.01137862146e-05        0.3547
1.0123864726e-05      0.354699
1.01339432374e-05      0.354699
1.01440217489e-05      0.354698
1.01541002603e-05      0.354698
9.83670588878e-06      -1.86214
9.84677932031e-06      -1.86462
9.85685275184e-06      -1.86678
9.86692618337e-06      -1.86907
9.8769996149e-06      -1.87147
9.88707304643e-06      -1.87315
9.89714647796e-06       -1.8756
9.90721990949e-06      -1.87795
9.91729334102e-06      -1.88037
9.92736677255e-06      -1.88216
9.93744020408e-06      -1.88473
9.94751363561e-06      -1.88695
9.95758706714e-06      -1.88908
9.96766049867e-06      -1.89099
9.97773393019e-06      -1.89368
9.98780736172e-06      -1.89612
9.99788079325e-06      -1.89801
1.00079542248e-05      0.354705
1.00180276563e-05      0.354705
1.00281010878e-05      0.354704
1.00381745194e-05      0.354704
1.00482479509e-05      0.354703
1.00583213824e-05      0.354703
1.0068394814e-05      0.354702
1.00784682455e-05      0.354702
1.0088541677e-05      0.354701
1.00986151086e-05      0.354701
1.01086885401e-05        0.3547
1.01187619716e-05        0.3547
1.01288354031e-05      0.354699
1.01389088347e-05      0.354699
1.01489822662e-05      0.354698
9.84166390586e-06      -1.86316
9.85174241472e-06      -1.86497
9.86182092359e-06      -1.86766
9.87189943245e-06      -1.86956
9.88197794132e-06      -1.87211
9.89205645018e-06      -1.87472
9.90213495904e-06      -1.87712
9.91221346791e-06      -1.87952
9.92229197677e-06       -1.8811
9.93237048564e-06      -1.88327
9.9424489945e-06      -1.88603
9.95252750337e-06      -1.88818
9.96260601223e-06      -1.89009
9.97268452109e-06      -1.89244
9.98276302996e-06      -1.89479
9.99284153882e-06      -1.89717
1.00029200477e-05      0.354705
1.00129985566e-05      0.354705
1.00230770654e-05      0.354704
1.00331555743e-05      0.354704
1.00432340831e-05      0.354703
1.0053312592e-05      0.354703
1.00633911009e-05      0.354702
1.00734696097e-05      0.354702
1.00835481186e-05      0.354701
1.00936266275e-05      0.354701
1.01037051363e-05        0.3547
1.01137836452e-05        0.3547
1.01238621541e-05      0.354699
1.01339406629e-05      0.354699
1.01440191718e-05      0.354698
1.01540976806e-05      0.354698
9.83670338978e-06      -1.86196
9.84677681875e-06      -1.86471
9.85685024772e-06      -1.86668
9.86692367669e-06      -1.86898
9.87699710566e-06      -1.87175
9.88707053463e-06      -1.87379
9.8971439636e-06      -1.87538
9.90721739257e-06      -1.87816
9.91729082154e-06       -1.8798
9.92736425051e-06      -1.88264
9.93743767948e-06      -1.88481
9.94751110845e-06      -1.88708
9.95758453743e-06      -1.88973
9.9676579664e-06      -1.89146
9.97773139537e-06      -1.89387
9.98780482434e-06      -1.89628
9.99787825331e-06      -1.89799
1.00079516823e-05      0.354705
1.00180251112e-05      0.354705
1.00280985402e-05      0.354704
1.00381719692e-05      0.354704
1.00482453982e-05      0.354703
1.00583188271e-05      0.354703
1.00683922561e-05      0.354702
1.00784656851e-05      0.354702
1.0088539114e-05      0.354701
1.0098612543e-05      0.354701
1.0108685972e-05        0.3547
1.0118759401e-05        0.3547
1.01288328299e-05      0.354699
1.01389062589e-05      0.354699
1.01489796879e-05      0.354698
9.8416614056e-06      -1.86301
9.8517399119e-06      -1.86576
9.86181841821e-06      -1.86794
9.87189692451e-06      -1.87062
9.88197543081e-06      -1.87239
9.89205393712e-06       -1.8745
9.90213244342e-06      -1.87669
9.91221094973e-06      -1.87915
9.92228945603e-06      -1.88141
9.93236796233e-06      -1.88324
9.94244646864e-06      -1.88581
9.95252497494e-06      -1.88804
9.96260348124e-06      -1.89044
9.97268198755e-06      -1.89243
9.98276049385e-06      -1.89486
9.99283900016e-06      -1.89718
1.00029175065e-05      0.354705
1.00129960128e-05      0.354705
1.00230745191e-05      0.354704
1.00331530254e-05      0.354704
1.00432315317e-05      0.354703
1.0053310038e-05      0.354703
1.00633885443e-05      0.354702
1.00734670506e-05      0.354702
1.00835455569e-05      0.354701
1.00936240632e-05      0.354701
1.01037025695e-05        0.3547
1.01137810758e-05        0.3547
1.01238595821e-05      0.354699
1.01339380884e-05      0.354699
1.01440165947e-05      0.354698
1.0154095101e-05      0.354698

